NVERTS 18
NFACES 14

VERTEX
-18.000000, 0.000000, 40.000000
18.000000, 0.000000, 40.000000
30.000000, 0.000000, -24.000000
30.000000, 0.000000, -40.000000

18.000000, -7.000000, -40.000000
-18.000000, -7.000000, -40.000000
-30.000000, 0.000000, -40.000000
-30.000000, 0.000000, -24.000000

-18.000000, 7.000000, -40.000000
18.000000, 7.000000, -40.000000
-18.000000, 7.000000, 13.000000
18.000000, 7.000000, 13.000000

-18.000000, -7.000000, 13.000000
18.000000, -7.000000, 13.000000
-11.000000, 3.000000, 29.000000
11.000000, 3.000000, 29.000000

11.000000, 4.000000, 24.000000
-11.000000, 4.000000, 24.000000


FACES
111,84,84,	0.000000,0.968664,0.248375,	4	, 11, 10, 0, 1
111,84,84,	0.000000,-0.968664,0.248375,	4	, 13, 12, 0, 1
153,143,154,	0.800488,0.580064,0.150817,	3	, 2, 11, 1
93,102,94,	0.800488,-0.580064,0.150817,	3	, 2, 13, 1
136,127,132,	0.499722,0.866186,0.000000,	4	, 9, 11, 2, 3
102,102,93,	0.499722,-0.866186,0.000000,	4	, 4, 13, 2, 3
238,127,127,	0.000000,0.000000,-1.000000,	6	, 3, 4, 5, 6, 8, 9
136,127,132,	-0.499722,0.866186,0.000000,	4	, 10, 8, 6, 7
102,102,93,	-0.499722,-0.866186,0.000000,	4	, 12, 5, 6, 7
153,143,154,	-0.800488,0.580064,0.150817,	3	, 10, 7, 0
93,102,94,	-0.800488,-0.580064,0.150817,	3	, 12, 7, 0
131,131,98,	0.000000,1.000000,0.000000,	4	, 10, 11, 9, 8
131,131,98,	0.000000,-1.000000,0.000000,	4	, 12, 13, 4, 5
238,238,127,	0.000000,0.968664,0.248375,	4	, 17, 14, 15, 16


END
