NVERTS 15
NFACES 12

VERTEX
0.000000, 7.000000, -58.000000
-43.000000, -13.000000, -37.000000
-26.000000, -47.000000, -3.000000
26.000000, -47.000000, -3.000000

43.000000, -13.000000, -37.000000
0.000000, 48.000000, -49.000000
-69.000000, 15.000000, -15.000000
-43.000000, -39.000000, 40.000000

43.000000, -39.000000, 40.000000
69.000000, 15.000000, -15.000000
-43.000000, 53.000000, -23.000000
-69.000000, -1.000000, 32.000000

0.000000, 0.000000, 254.000000
69.000000, -1.000000, 32.000000
43.000000, 53.000000, -23.000000


FACES
64,64,64,	0.000000,-0.721105,-0.692826,	5	, 4, 0, 1, 2, 3
64,64,64,	-0.497851,0.175712,-0.849276,	5	, 6, 10, 5, 0, 1
64,64,64,	-0.788387,-0.583611,-0.194537,	5	, 7, 11, 6, 1, 2
64,64,64,	0.000000,-0.984563,0.175033,	5	, 8, 12, 7, 2, 3
64,64,64,	0.788387,-0.583611,-0.194537,	5	, 9, 13, 8, 3, 4
64,64,64,	0.497851,0.175712,-0.849276,	5	, 14, 5, 0, 4, 9
64,64,64,	0.000000,0.984152,-0.177325,	3	, 10, 14, 5
64,64,64,	-0.787577,0.584594,0.194865,	4	, 12, 11, 6, 10
64,64,64,	-0.817713,-0.514856,0.257428,	3	, 11, 12, 7
64,64,64,	0.817713,-0.514856,0.257428,	3	, 12, 13, 8
64,64,64,	0.787577,0.584594,0.194865,	4	, 12, 14, 9, 13
64,64,64,	0.000000,0.982155,0.188072,	3	, 14, 12, 10


END
