NVERTS 17
NFACES 13

VERTEX
0.000000, -18.000000, 0.000000
0.000000, -9.000000, -45.000000
43.000000, 0.000000, -45.000000
69.000000, -3.000000, 0.000000

43.000000, -14.000000, 28.000000
-43.000000, 0.000000, -45.000000
-69.000000, -3.000000, 0.000000
-43.000000, -14.000000, 28.000000

26.000000, -7.000000, 73.000000
-26.000000, -7.000000, 73.000000
43.000000, 14.000000, 28.000000
-43.000000, 14.000000, 28.000000

0.000000, 9.000000, -45.000000
-17.000000, 0.000000, -45.000000
17.000000, 0.000000, -45.000000
0.000000, -4.000000, -45.000000

0.000000, 4.000000, -45.000000


FACES
64,64,64,	0.000000,-0.989949,0.141421,	5	, 8, 9, 7, 0, 4
64,64,64,	0.202743,-0.963029,-0.177400,	5	, 3, 4, 0, 1, 2
0,0,0,	-0.202743,-0.963029,-0.177400,	5	, 5, 6, 7, 0, 1
64,64,64,	0.000000,0.999133,-0.041631,	3	, 11, 10, 12
64,64,64,	0.000000,0.914687,0.404164,	4	, 11, 10, 8, 9
64,64,64,	-0.209020,0.975426,-0.069673,	4	, 6, 11, 12, 5
64,64,64,	0.209020,0.975426,-0.069673,	4	, 3, 10, 12, 2
64,64,64,	0.638519,-0.692631,0.335493,	3	, 8, 4, 3
64,64,64,	-0.638519,-0.692631,0.335493,	3	, 9, 7, 6
0,0,0,	0.762216,0.438274,0.476385,	3	, 8, 10, 3
0,0,0,	-0.762216,0.438274,0.476385,	3	, 9, 11, 6
64,64,64,	0.000000,0.000000,-1.000000,	4	, 12, 5, 1, 2
64,64,64,	0.000000,0.000000,-1.000000,	4	, 16, 13, 15, 14


END
