NVERTS 10
NFACES 7

VERTEX
24.000000, 16.000000, 0.000000
24.000000, 5.000000, 15.000000
24.000000, -13.000000, 9.000000
24.000000, -13.000000, -9.000000

24.000000, 5.000000, -15.000000
-24.000000, 16.000000, 0.000000
-24.000000, 5.000000, 15.000000
-24.000000, -13.000000, 9.000000

-24.000000, -13.000000, -9.000000
-24.000000, 5.000000, -15.000000


FACES
118,131,145,	1.000000,0.000000,0.000000,	5	, 4, 0, 1, 2, 3
64,64,64,	0.000000,0.807030,0.590510,	4	, 6, 5, 0, 1
0,0,0,	0.000000,-0.351123,0.936329,	4	, 7, 6, 1, 2
64,64,64,	0.000000,-1.000000,0.000000,	4	, 8, 7, 2, 3
0,0,0,	0.000000,-0.351123,-0.936329,	4	, 9, 8, 3, 4
64,64,64,	0.000000,0.807030,-0.590510,	4	, 9, 5, 0, 4
64,64,64,	-1.000000,0.000000,0.000000,	5	, 9, 5, 6, 7, 8


END
