NVERTS 13
NFACES 13

VERTEX
0.000000, 0.000000, 93.000000
0.000000, 40.000000, -87.000000
38.000000, -25.000000, -99.000000
-38.000000, -25.000000, -99.000000

-38.000000, 40.000000, -59.000000
38.000000, 40.000000, -59.000000
62.000000, 0.000000, -67.000000
24.000000, -65.000000, -79.000000

-24.000000, -65.000000, -79.000000
-62.000000, 0.000000, -67.000000
0.000000, 7.000000, -107.000000
13.000000, -9.000000, -107.000000

-13.000000, -9.000000, -107.000000


FACES
64,64,64,	0.520763,0.448098,-0.726646,	6	, 11, 10, 1, 5, 6, 2
64,64,64,	0.000000,-0.451220,-0.892413,	6	, 12, 11, 2, 7, 8, 3
64,64,64,	-0.520763,0.448098,-0.726646,	6	, 12, 10, 1, 4, 9, 3
64,64,64,	0.000000,1.000000,0.000000,	3	, 5, 1, 4
64,64,64,	0.854218,-0.440887,-0.275554,	3	, 7, 2, 6
64,64,64,	-0.854218,-0.440887,-0.275554,	3	, 3, 8, 9
64,64,64,	0.000000,0.967617,0.252422,	3	, 5, 4, 0
64,64,64,	-0.795948,-0.519096,0.311458,	3	, 9, 8, 0
64,64,64,	0.795948,-0.519096,0.311458,	3	, 7, 6, 0
64,64,64,	-0.845780,0.422890,0.325300,	3	, 9, 4, 0
64,64,64,	0.000000,-0.932568,0.360994,	3	, 7, 8, 0
64,64,64,	0.845780,0.422890,0.325300,	3	, 5, 6, 0
64,64,64,	0.000000,0.000000,-1.000000,	3	, 12, 10, 11


END
