NVERTS 11
NFACES 10

VERTEX
-18.000000, -1.000000, 50.000000
18.000000, -1.000000, 50.000000
-66.000000, 0.000000, 7.000000
66.000000, 0.000000, 7.000000

-32.000000, 12.000000, -38.000000
32.000000, 12.000000, -38.000000
-54.000000, -12.000000, -38.000000
54.000000, -12.000000, -38.000000

0.000000, 12.000000, -6.000000
0.000000, -1.000000, 50.000000
0.000000, -1.000000, 60.000000


FACES
0,0,0,	0.000000,0.971520,0.236956,	3	, 8, 1, 0
0,0,0,	0.000000,-0.993884,0.110432,	4	, 6, 7, 1, 0
0,0,0,	-0.168880,0.971061,0.168880,	4	, 4, 8, 0, 2
0,0,0,	-0.201773,-0.958423,0.201773,	3	, 6, 0, 2
0,0,0,	0.168880,0.971061,0.168880,	4	, 8, 5, 3, 1
0,0,0,	0.201773,-0.958423,0.201773,	3	, 1, 7, 3
0,0,0,	0.000000,1.000000,0.000000,	3	, 5, 8, 4
0,0,0,	0.000000,0.000000,-1.000000,	4	, 5, 4, 6, 7
0,0,0,	-0.689394,0.632420,-0.353243,	3	, 6, 4, 2
0,0,0,	0.689394,0.632420,-0.353243,	3	, 5, 7, 3


END
