NVERTS 28
NFACES 17

VERTEX
32.000000, 0.000000, 76.000000
-32.000000, 0.000000, 76.000000
0.000000, 26.000000, 24.000000
-120.000000, -3.000000, -8.000000

120.000000, -3.000000, -8.000000
-88.000000, 16.000000, -40.000000
88.000000, 16.000000, -40.000000
128.000000, -8.000000, -40.000000

-128.000000, -8.000000, -40.000000
0.000000, 26.000000, -40.000000
-32.000000, -24.000000, -40.000000
32.000000, -24.000000, -40.000000

-36.000000, 8.000000, -40.000000
-8.000000, 12.000000, -40.000000
8.000000, 12.000000, -40.000000
36.000000, 8.000000, -40.000000

36.000000, -12.000000, -40.000000
8.000000, -16.000000, -40.000000
-8.000000, -16.000000, -40.000000
-36.000000, -12.000000, -40.000000

0.000000, 0.000000, 76.000000
0.000000, 0.000000, 90.000000
-80.000000, -6.000000, -40.000000
-80.000000, 6.000000, -40.000000

-88.000000, 0.000000, -40.000000
80.000000, 6.000000, -40.000000
88.000000, 0.000000, -40.000000
80.000000, -6.000000, -40.000000



FACES
172,170,159,	0.000000,0.894427,0.447214,	3	, 2, 0, 1
162,162,255,	-0.299792,0.916031,0.266482,	3	, 5, 1, 2
162,162,255,	0.299792,0.916031,0.266482,	3	, 6, 0, 2
179,179,152,	-0.284808,0.925624,0.249207,	3	, 5, 1, 3
179,179,152,	0.284808,0.925624,0.249207,	3	, 6, 0, 4
154,207,255,	-0.285477,0.958386,0.000000,	3	, 9, 2, 5
154,207,255,	0.285477,0.958386,0.000000,	3	, 9, 2, 6
132,132,132,	-0.513258,0.858234,0.000000,	3	, 5, 3, 8
132,132,132,	0.513258,0.858234,0.000000,	3	, 6, 4, 7
131,116,98,	0.000000,0.000000,-1.000000,	7	, 7, 11, 10, 8, 5, 9, 6
102,93,102,	-0.160845,-0.965071,0.206801,	4	, 10, 1, 3, 8
177,177,120,	0.000000,-0.980581,0.196116,	4	, 10, 11, 0, 1
102,93,102,	0.160845,-0.965071,0.206801,	4	, 11, 0, 4, 7
64,64,64,	0.000000,0.000000,-1.000000,	4	, 17, 14, 15, 16
64,64,64,	0.000000,0.000000,-1.000000,	4	, 19, 12, 13, 18
64,64,64,	0.000000,0.000000,-1.000000,	3	, 23, 22, 24
64,64,64,	0.000000,0.000000,-1.000000,	3	, 27, 25, 26


END
