NVERTS 17
NFACES 12

VERTEX
20.000000, -7.000000, 80.000000
-20.000000, -7.000000, 80.000000
-54.000000, -7.000000, 40.000000
-54.000000, -7.000000, -40.000000

-20.000000, 13.000000, -40.000000
20.000000, 13.000000, -40.000000
54.000000, -7.000000, -40.000000
54.000000, -7.000000, 40.000000

20.000000, 13.000000, 5.000000
-20.000000, 13.000000, 5.000000
20.000000, -7.000000, 62.000000
-20.000000, -7.000000, 62.000000

25.000000, -7.000000, -25.000000
-25.000000, -7.000000, -25.000000
15.000000, -7.000000, -15.000000
-15.000000, -7.000000, -15.000000

0.000000, -7.000000, 0.000000


FACES
137,137,160,	0.000000,0.964764,0.263117,	4	, 9, 8, 0, 1
109,108,121,	-0.295397,0.923116,0.246164,	3	, 2, 9, 1
109,108,121,	0.295397,0.923116,0.246164,	3	, 8, 7, 0
152,166,179,	0.506015,0.862525,0.000000,	3	, 8, 6, 7
152,166,179,	-0.506015,0.862525,0.000000,	3	, 9, 3, 2
108,108,121,	-0.506015,0.862525,0.000000,	3	, 3, 4, 9
255,178,136,	0.000000,1.000000,0.000000,	4	, 9, 4, 5, 8
108,108,121,	0.506015,0.862525,0.000000,	3	, 5, 6, 8
64,64,64,	0.000000,0.000000,-1.000000,	4	, 6, 3, 4, 5
111,84,111,	0.000000,-1.000000,0.000000,	6	, 3, 6, 7, 0, 1, 2
255,255,115,	0.000000,-1.000000,0.000000,	3	, 14, 10, 12
255,255,115,	0.000000,-1.000000,0.000000,	3	, 13, 11, 15


END
