NVERTS 16
NFACES 15

VERTEX
160.000000, 0.000000, 160.000000
0.000000, 160.000000, 160.000000
-160.000000, 0.000000, 160.000000
0.000000, -160.000000, 160.000000

160.000000, -160.000000, 0.000000
160.000000, 160.000000, 0.000000
-160.000000, 160.000000, 0.000000
-160.000000, -160.000000, 0.000000

160.000000, 0.000000, -160.000000
0.000000, 160.000000, -160.000000
-160.000000, 0.000000, -160.000000
0.000000, -160.000000, -160.000000

10.000000, -30.000000, 160.000000
10.000000, 30.000000, 160.000000
-10.000000, 30.000000, 160.000000
-10.000000, -30.000000, 160.000000



FACES
0,0,0,	0.000000,0.000000,1.000000,	4	, 3, 2, 1, 0
0,0,0,	0.577350,-0.577350,0.577350,	3	, 4, 0, 3
0,0,0,	0.577350,0.577350,0.577350,	3	, 1, 5, 0
0,0,0,	-0.577350,0.577350,0.577350,	3	, 2, 6, 1
0,0,0,	-0.577350,-0.577350,0.577350,	3	, 3, 7, 2
0,0,0,	0.000000,-1.000000,0.000000,	4	, 11, 7, 3, 4
0,0,0,	1.000000,0.000000,0.000000,	4	, 8, 5, 0, 4
0,0,0,	-1.000000,0.000000,0.000000,	4	, 10, 7, 2, 6
0,0,0,	0.000000,1.000000,0.000000,	4	, 6, 9, 5, 1
0,0,0,	-0.577350,-0.577350,-0.577350,	3	, 11, 7, 10
0,0,0,	0.577350,-0.577350,-0.577350,	3	, 4, 8, 11
0,0,0,	0.577350,0.577350,-0.577350,	3	, 9, 5, 8
0,0,0,	-0.577350,0.577350,-0.577350,	3	, 10, 6, 9
0,0,0,	0.000000,0.000000,-1.000000,	4	, 11, 10, 9, 8
0,0,0,	0.000000,0.000000,1.000000,	4	, 15, 12, 13, 14


END
