NVERTS 20
NFACES 14

VERTEX
0.000000, 5.000000, 67.000000
-20.000000, 0.000000, 40.000000
-40.000000, 0.000000, -40.000000
0.000000, 14.000000, -40.000000

0.000000, -14.000000, -40.000000
20.000000, 0.000000, 40.000000
40.000000, 0.000000, -40.000000
-36.000000, 0.000000, 56.000000

-60.000000, 0.000000, -20.000000
36.000000, 0.000000, 56.000000
60.000000, 0.000000, -20.000000
0.000000, 7.000000, 35.000000

0.000000, 8.000000, 25.000000
-12.000000, 2.000000, 45.000000
12.000000, 2.000000, 45.000000
-10.000000, 6.000000, -40.000000

-10.000000, -6.000000, -40.000000
10.000000, -6.000000, -40.000000
10.000000, 6.000000, -40.000000
0.000000, 0.000000, -40.000000



FACES
115,115,115,	-0.327418,0.941327,0.081855,	4	, 3, 0, 1, 2
115,115,115,	-0.327418,-0.941327,0.081855,	3	, 4, 1, 2
166,166,166,	0.000000,-0.983282,0.182089,	4	, 4, 5, 0, 1
145,127,118,	0.327418,-0.941327,0.081855,	3	, 6, 5, 4
145,127,118,	0.327418,0.941327,0.081855,	4	, 0, 3, 6, 5
88,88,107,	0.000000,0.000000,-1.000000,	4	, 6, 4, 2, 3
138,200,98,	-0.327418,-0.941327,0.081855,	4	, 1, 2, 8, 7
138,200,98,	-0.327418,0.941327,0.081855,	4	, 1, 2, 8, 7
138,200,98,	0.327418,0.941327,0.081855,	4	, 5, 6, 10, 9
138,200,98,	0.327418,-0.941327,0.081855,	4	, 5, 6, 10, 9
238,127,127,	0.000000,0.000000,-1.000000,	3	, 15, 16, 19
238,127,127,	0.000000,0.000000,-1.000000,	3	, 19, 18, 17
64,64,64,	-0.327418,0.941327,0.081855,	3	, 11, 13, 12
64,64,64,	0.327418,0.941327,0.081855,	3	, 11, 14, 12


END
