NVERTS 19
NFACES 13

VERTEX
0.000000, -14.000000, 108.000000
-40.000000, -14.000000, -4.000000
-12.000000, -14.000000, -52.000000
12.000000, -14.000000, -52.000000

40.000000, -14.000000, -4.000000
-40.000000, 14.000000, -4.000000
-12.000000, 2.000000, -52.000000
12.000000, 2.000000, -52.000000

40.000000, 14.000000, -4.000000
0.000000, 18.000000, -20.000000
-3.000000, -11.000000, 97.000000
-26.000000, 8.000000, 18.000000

-16.000000, 14.000000, -4.000000
3.000000, -11.000000, 97.000000
26.000000, 8.000000, 18.000000
16.000000, 14.000000, -4.000000

0.000000, -14.000000, -20.000000
-14.000000, -14.000000, 44.000000
14.000000, -14.000000, 44.000000


FACES
0,0,0,	0.000000,0.970142,0.242536,	4	, 9, 8, 0, 5
0,0,0,	-0.942990,0.000000,0.332820,	3	, 1, 5, 0
0,0,0,	-0.862286,0.000000,-0.506422,	4	, 6, 5, 1, 2
0,0,0,	0.000000,0.000000,-1.000000,	4	, 7, 6, 2, 3
0,0,0,	0.862286,0.000000,-0.506422,	4	, 8, 7, 3, 4
0,0,0,	0.942990,0.000000,0.332820,	3	, 4, 8, 0
0,0,0,	-0.234395,0.898513,-0.371125,	3	, 6, 9, 5
0,0,0,	0.000000,0.898384,-0.439210,	3	, 7, 9, 6
0,0,0,	0.234395,0.898513,-0.371125,	3	, 8, 9, 7
0,0,0,	0.000000,-1.000000,0.000000,	5	, 4, 0, 1, 2, 3
0,0,0,	0.000000,-1.000000,0.000000,	3	, 17, 18, 16
0,0,0,	0.000000,0.970142,0.242536,	3	, 12, 10, 11
0,0,0,	0.000000,0.970142,0.242536,	3	, 15, 13, 14


END
