NVERTS 12
NFACES 9

VERTEX
-10.000000, -4.000000, 47.000000
10.000000, -4.000000, 47.000000
-16.000000, 8.000000, -23.000000
16.000000, 8.000000, -23.000000

-66.000000, 0.000000, -3.000000
66.000000, 0.000000, -3.000000
-20.000000, -14.000000, -23.000000
20.000000, -14.000000, -23.000000

-8.000000, -6.000000, 33.000000
8.000000, -6.000000, 33.000000
-8.000000, -13.000000, -16.000000
8.000000, -13.000000, -16.000000



FACES
64,64,64,	0.000000,0.987241,0.159232,	4	, 3, 2, 0, 1
64,64,64,	0.087183,0.980814,0.174367,	3	, 3, 1, 5
222,222,143,	0.222277,-0.960237,0.168931,	3	, 7, 1, 5
159,206,159,	0.000000,-0.989949,0.141421,	4	, 7, 6, 0, 1
222,222,143,	-0.222277,-0.960237,0.168931,	3	, 0, 6, 4
64,64,64,	-0.087183,0.980814,0.174367,	3	, 0, 2, 4
98,98,131,	-0.379409,0.068983,-0.922654,	3	, 6, 2, 4
64,64,64,	0.000000,0.000000,-1.000000,	4	, 6, 7, 3, 2
98,98,131,	0.379409,0.068983,-0.922654,	3	, 3, 7, 5


END
