NVERTS 17
NFACES 10

VERTEX
0.000000, 0.000000, 96.000000
0.000000, 18.000000, -48.000000
0.000000, -18.000000, -48.000000
90.000000, 0.000000, -3.000000

-90.000000, 0.000000, -3.000000
90.000000, 0.000000, 87.000000
-90.000000, 0.000000, 87.000000
0.000000, 5.000000, 53.000000

0.000000, 7.000000, 38.000000
-18.000000, 7.000000, 19.000000
18.000000, 7.000000, 19.000000
18.000000, 11.000000, -39.000000

18.000000, -11.000000, -39.000000
36.000000, 0.000000, -30.000000
-18.000000, 11.000000, -39.000000
-18.000000, -11.000000, -39.000000

-36.000000, 0.000000, -30.000000


FACES
0,0,0,	0.123091,0.984732,0.123091,	3	, 1, 3, 0
0,0,0,	0.123091,-0.984732,0.123091,	3	, 2, 3, 0
0,0,0,	-0.123091,-0.984732,0.123091,	3	, 2, 4, 0
0,0,0,	-0.123091,0.984732,0.123091,	3	, 1, 4, 0
0,0,0,	0.442549,0.000000,-0.896744,	3	, 1, 2, 3
0,0,0,	-0.442549,0.000000,-0.896744,	3	, 2, 1, 4
0,0,0,	0.442549,0.000000,-0.896744,	3	, 12, 11, 13
0,0,0,	-0.442549,0.000000,-0.896744,	3	, 16, 14, 15
0,0,0,	0.123091,0.984732,0.123091,	3	, 8, 10, 7
0,0,0,	-0.123091,0.984732,0.123091,	3	, 7, 9, 8


END
