NVERTS 17
NFACES 17

VERTEX
0.000000, 0.000000, 68.000000
8.000000, 8.000000, 36.000000
-8.000000, 8.000000, 36.000000
-8.000000, -8.000000, 36.000000

8.000000, -8.000000, 36.000000
8.000000, 8.000000, -44.000000
-8.000000, 8.000000, -44.000000
-8.000000, -8.000000, -44.000000

8.000000, -8.000000, -44.000000
12.000000, 12.000000, -44.000000
-12.000000, 12.000000, -44.000000
-12.000000, -12.000000, -44.000000

12.000000, -12.000000, -44.000000
8.000000, 8.000000, -12.000000
-8.000000, 8.000000, -12.000000
-8.000000, -8.000000, -12.000000

8.000000, -8.000000, -12.000000


FACES
0,0,0,	0.970143,0.000000,0.242536,	3	, 0, 1, 4
0,0,0,	0.000000,0.970143,0.242536,	3	, 0, 1, 2
0,0,0,	-0.970143,0.000000,0.242536,	3	, 0, 2, 3
0,0,0,	0.000000,-0.970143,0.242536,	3	, 0, 3, 4
0,0,0,	1.000000,0.000000,0.000000,	4	, 1, 5, 8, 4
0,0,0,	0.000000,1.000000,0.000000,	4	, 1, 2, 6, 5
0,0,0,	-1.000000,0.000000,0.000000,	4	, 2, 6, 7, 3
0,0,0,	0.000000,-1.000000,0.000000,	4	, 3, 7, 8, 4
0,0,0,	0.000000,0.000000,-1.000000,	4	, 5, 6, 7, 8
0,0,0,	1.000000,0.000000,0.000000,	3	, 5, 9, 13
0,0,0,	0.000000,1.000000,0.000000,	3	, 5, 9, 13
0,0,0,	-1.000000,0.000000,0.000000,	3	, 6, 10, 14
0,0,0,	0.000000,1.000000,0.000000,	3	, 6, 10, 14
0,0,0,	-1.000000,0.000000,0.000000,	3	, 7, 11, 15
0,0,0,	0.000000,-1.000000,0.000000,	3	, 7, 11, 15
0,0,0,	1.000000,0.000000,0.000000,	3	, 8, 12, 16
0,0,0,	0.000000,-1.000000,0.000000,	3	, 8, 12, 16


END
