NVERTS 14
NFACES 10

VERTEX
15.000000, 0.000000, 65.000000
-15.000000, 0.000000, 65.000000
0.000000, 18.000000, -40.000000
-60.000000, 0.000000, 0.000000

60.000000, 0.000000, 0.000000
30.000000, -27.000000, -10.000000
-30.000000, -27.000000, -10.000000
-9.000000, -4.000000, -25.000000

9.000000, -4.000000, -25.000000
0.000000, -18.000000, -16.000000
13.000000, 3.000000, 49.000000
6.000000, 0.000000, 65.000000

-13.000000, 3.000000, 49.000000
-6.000000, 0.000000, 65.000000


FACES
0,0,0,	0.000000,0.987007,0.160676,	3	, 1, 2, 0
0,0,0,	-0.198030,0.970345,0.138621,	3	, 3, 2, 1
0,0,0,	0.198030,0.970345,0.138621,	3	, 4, 2, 0
0,0,0,	-0.490544,-0.232800,-0.839744,	3	, 6, 2, 3
0,0,0,	0.000000,-0.554700,-0.832050,	3	, 6, 2, 5
0,0,0,	0.490544,-0.232800,-0.839744,	3	, 5, 2, 4
0,0,0,	-0.544502,-0.748691,0.378127,	3	, 6, 1, 3
0,0,0,	0.000000,-0.940453,0.339923,	4	, 6, 5, 0, 1
0,0,0,	0.544502,-0.748691,0.378127,	3	, 5, 0, 4
0,0,0,	0.000000,-0.554700,-0.832050,	3	, 8, 9, 7


END
