NVERTS 11
NFACES 13

VERTEX
0.000000, 0.000000, 224.000000
0.000000, 48.000000, 48.000000
96.000000, 0.000000, -16.000000
-96.000000, 0.000000, -16.000000

0.000000, 48.000000, -32.000000
0.000000, 24.000000, -112.000000
-48.000000, 0.000000, -112.000000
48.000000, 0.000000, -112.000000

0.000000, -48.000000, 48.000000
0.000000, -48.000000, -32.000000
0.000000, -24.000000, -112.000000


FACES
166,132,132,	-0.545482,0.808122,0.222234,	3	, 3, 1, 0
150,113,113,	0.545482,0.808122,0.222234,	3	, 2, 1, 0
150,113,113,	-0.545482,-0.808122,0.222234,	3	, 8, 3, 0
166,132,132,	0.545482,-0.808122,0.222234,	3	, 8, 2, 0
159,172,172,	-0.447214,0.894427,0.000000,	3	, 4, 1, 3
175,190,190,	0.447214,0.894427,0.000000,	3	, 4, 1, 2
175,190,190,	-0.447214,-0.894427,0.000000,	3	, 8, 9, 3
159,172,172,	0.447214,-0.894427,0.000000,	3	, 8, 9, 2
150,113,113,	-0.543607,0.804538,-0.239187,	4	, 3, 6, 5, 4
166,132,132,	0.543607,0.804538,-0.239187,	4	, 2, 7, 5, 4
150,113,113,	0.543607,-0.804538,-0.239187,	4	, 2, 7, 10, 9
166,132,132,	-0.543607,-0.804538,-0.239187,	4	, 3, 6, 10, 9
64,64,64,	0.000000,0.000000,-1.000000,	4	, 6, 10, 7, 5


END
