NVERTS 19
NFACES 16

VERTEX
0.000000, -17.000000, 23.000000
-17.000000, 0.000000, 23.000000
0.000000, 18.000000, 23.000000
18.000000, 0.000000, 23.000000

-20.000000, -20.000000, -27.000000
-20.000000, 20.000000, -27.000000
20.000000, 20.000000, -27.000000
20.000000, -20.000000, -27.000000

5.000000, 0.000000, -27.000000
0.000000, -2.000000, -27.000000
-5.000000, 0.000000, -27.000000
0.000000, 3.000000, -27.000000

0.000000, -9.000000, 35.000000
3.000000, -1.000000, 31.000000
4.000000, 11.000000, 25.000000
11.000000, 4.000000, 25.000000

-3.000000, -1.000000, 31.000000
-3.000000, 11.000000, 25.000000
-10.000000, 4.000000, 25.000000


FACES
0,0,0,	-0.628828,-0.628828,0.457330,	3	, 1, 12, 0
0,0,0,	0.000000,-0.998542,0.053975,	3	, 7, 4, 0
0,0,0,	-0.673682,-0.673682,0.303817,	3	, 1, 4, 0
0,0,0,	-0.998542,0.000000,0.053975,	3	, 4, 5, 1
0,0,0,	-0.673682,0.673682,0.303817,	3	, 2, 5, 1
0,0,0,	0.000000,0.998542,0.053975,	3	, 5, 6, 2
0,0,0,	0.673682,0.673682,0.303817,	3	, 3, 6, 2
0,0,0,	0.998542,0.000000,0.053975,	3	, 6, 7, 3
0,0,0,	0.673682,-0.673682,0.303817,	3	, 3, 7, 0
0,0,0,	0.000000,0.000000,-1.000000,	4	, 7, 4, 5, 6
0,0,0,	-0.382960,0.382960,0.840644,	3	, 2, 12, 1
0,0,0,	0.382960,0.382960,0.840644,	3	, 3, 12, 2
0,0,0,	0.628828,-0.628828,0.457330,	3	, 3, 12, 0
0,0,0,	0.000000,0.000000,-1.000000,	4	, 11, 8, 9, 10
0,0,0,	0.382960,0.382960,0.840644,	3	, 15, 13, 14
0,0,0,	-0.382960,0.382960,0.840644,	3	, 18, 16, 17


END
