NVERTS 10
NFACES 8

VERTEX
-32.000000, 0.000000, 36.000000
32.000000, 0.000000, 36.000000
64.000000, 0.000000, -28.000000
-64.000000, 0.000000, -28.000000

0.000000, 16.000000, -28.000000
0.000000, -16.000000, -28.000000
-12.000000, 6.000000, -28.000000
12.000000, 6.000000, -28.000000

12.000000, -6.000000, -28.000000
-12.000000, -6.000000, -28.000000


FACES
64,64,64,	0.000000,0.970143,0.242536,	3	, 4, 0, 1
152,247,152,	-0.245512,0.961590,0.122756,	3	, 4, 3, 0
152,247,152,	0.245512,0.961590,0.122756,	3	, 2, 4, 1
104,125,125,	0.000000,0.000000,-1.000000,	4	, 2, 5, 3, 4
64,64,64,	-0.245512,-0.961590,0.122756,	3	, 5, 0, 3
152,247,152,	0.000000,-0.970143,0.242536,	3	, 5, 0, 1
64,64,64,	0.245512,-0.961590,0.122756,	3	, 5, 1, 2
64,64,64,	0.000000,0.000000,-1.000000,	4	, 8, 9, 6, 7


END
