NVERTS 10
NFACES 7

VERTEX
-9.000000, 0.000000, 40.000000
-9.000000, -38.000000, 12.000000
-9.000000, -24.000000, -32.000000
-9.000000, 24.000000, -32.000000

-9.000000, 38.000000, 12.000000
9.000000, 0.000000, -8.000000
9.000000, -10.000000, -15.000000
9.000000, -6.000000, -26.000000

9.000000, 6.000000, -26.000000
9.000000, 10.000000, -15.000000


FACES
0,0,0,	-1.000000,0.000000,0.000000,	5	, 4, 0, 1, 2, 3
0,0,0,	0.918630,-0.229658,0.321521,	4	, 6, 5, 0, 1
0,0,0,	0.720511,-0.657858,-0.219286,	4	, 7, 6, 1, 2
0,0,0,	0.327111,0.000000,-0.944986,	4	, 8, 7, 2, 3
0,0,0,	0.720511,0.657858,-0.219286,	4	, 9, 8, 3, 4
0,0,0,	0.918630,0.229658,0.321521,	4	, 9, 5, 0, 4
0,0,0,	1.000000,0.000000,0.000000,	5	, 9, 5, 6, 7, 8


END
