NVERTS 15
NFACES 9

VERTEX
0.000000, 0.000000, 72.000000
0.000000, 16.000000, 24.000000
0.000000, -16.000000, 24.000000
48.000000, 0.000000, -24.000000

-48.000000, 0.000000, -24.000000
24.000000, -16.000000, -24.000000
-24.000000, -16.000000, -24.000000
24.000000, 16.000000, -24.000000

-24.000000, 16.000000, -24.000000
-32.000000, 0.000000, -24.000000
32.000000, 0.000000, -24.000000
8.000000, 8.000000, -24.000000

-8.000000, 8.000000, -24.000000
-8.000000, -8.000000, -24.000000
8.000000, -8.000000, -24.000000


FACES
176,255,176,	0.000000,1.000000,0.000000,	3	, 7, 8, 1
171,126,171,	-0.534522,0.801784,0.267261,	4	, 8, 4, 0, 1
171,126,171,	0.534522,0.801784,0.267261,	4	, 3, 7, 1, 0
93,102,102,	-0.534522,-0.801784,0.267261,	4	, 6, 4, 0, 2
93,102,102,	0.534522,-0.801784,0.267261,	4	, 3, 5, 2, 0
145,145,118,	0.000000,-1.000000,0.000000,	3	, 5, 6, 2
113,150,150,	0.000000,0.000000,-1.000000,	6	, 6, 5, 3, 7, 8, 4
64,64,64,	0.000000,0.000000,-1.000000,	3	, 12, 13, 9
64,64,64,	0.000000,0.000000,-1.000000,	3	, 11, 14, 10


END
