NVERTS 10
NFACES 8

VERTEX
10.000000, -10.000000, 35.000000
-10.000000, -10.000000, 35.000000
5.000000, 6.000000, 15.000000
-5.000000, 6.000000, 15.000000

15.000000, -10.000000, 25.000000
-15.000000, -10.000000, 25.000000
26.000000, -10.000000, -25.000000
-26.000000, -10.000000, -25.000000

8.000000, 14.000000, -25.000000
-8.000000, 14.000000, -25.000000


FACES
0,0,0,	0.000000,0.782601,0.622524,	4	, 3, 2, 0, 1
0,0,0,	0.000000,0.980031,0.198847,	4	, 9, 3, 2, 8
0,0,0,	0.683749,0.644678,0.341874,	3	, 2, 4, 0
0,0,0,	-0.683749,0.644678,0.341874,	3	, 5, 3, 1
0,0,0,	0.782293,0.598943,0.171127,	4	, 8, 6, 4, 2
0,0,0,	-0.782293,0.598943,0.171127,	4	, 7, 9, 3, 5
0,0,0,	0.000000,0.000000,-1.000000,	4	, 8, 9, 7, 6
0,0,0,	0.000000,-1.000000,0.000000,	6	, 4, 0, 1, 5, 7, 6


END
